9861
7157
33
31
9257
3309
8658
4510
9349
10357
3603
2119
8114
7117
6906
4910
9161
12242
9160
11531
10734
2420
4123
2117
2600
5307
8708
11331
4917
2400
28
7648
1721
11334
3406
4907
2406
1622
35
4304
10861
7306
8508
29
2817
4904
8310
3211
7106
50
5317
2012
5517
10531
7743
8649
10353
5704
4924
7462
2200
10161
4321
4504
11064
9342
5117
5423
29
5320
44
7703
12138
7103
21
8135
45
8143
1907
2608
2403
9756
7423
25
2009
4012
4517
7608
8103
11343
9159
9338
12141
7303
10542
1917
9163
11055
3017
2217
7717
9242
7154
8659
4124
26
6903
9342
7110
2603
11340
9961
8560
9836
5504
10561
9334
4312
8935
12241
7361
5520
1823
3606
8540
4308
8111
2017
6622
2828
1708
11249
2804
2209
2620
8630
8749
6108
5726
3307
2008
3207
9536
4125
5717
7536
2118
6111
7238
10749
10961
2223
3400
9342
2113
3212
7148
1707
10964
3711
1822
2122
8308
2428
8530
11537
3513
10349
11734
1621
10537
8340
10331
7123
5707
11057
8507
7242
6625
1612
2018
1819
7520
7237
9949
5722
10955
5720
1623
5124
7503
2417
9263
2109
3311
7730
11542
8204
3812
8730
3411
3611
8330
3312
8660
6624
11842
7608
11337
1617
2628
5310
3511
2228
2112
9356
9140
7517
3913
1922
7336
4324
12142
2123
11534
8710
6621
7830
8430
8211
8631
10957
8656
12243
1817
12140
10934
10439
8549
8849
11237
10437
9259
11245
10056
8754
7540
8140
8206
9153
4920
9952
8851
8760
8854
8761
8758
8753
8853
8606
11131
8209
9045
8203
7740
6304
11145
10837
9261
10731
10949
10340
10342
11063
11137
9239
8661
8554
10931
10958
11062
10963
9361
10557
10959
10960
8860
8861
11058
10441
10962
11060
9138
9137
9240
11061
11059
9164
9162
11049
10344
7608
15
2220
10837
7306
9236
10837
10337
7608
9141
11
7608
10334
11138
9433
10438
10
7517
3200
3300
3205
3304
3302
3512
3202
3301
3612
3712
3912
4009
8557
8108
8107
8207
10753
7344
8408
8706
7244
4011
4112
7348
7448
2617
7461
7360
8104
8405
3305
3204
4212
7444
4013
7443
8305
8303
7240
2824
3201
10149
8751
8109
8540
5304
3811
2800
3400
3403
3600
9561
9149
5710
2623
10837
8510
10361
5725
2023
3209
8858
8106
6104
6618
6617
2821
10534
5723
9731
6526
6425
6326
6121
6220
6020
5925
6026
5921
6520
6120
5924
5922
6025
6320
6023
6226
6126
6217
6118
6024
6021
5825
5824
6022
6225
6224
6018
5917
6125
6223
6124
6017
5918
6117
6317
6517
6220
5823
5821
6417
8404
6518
6524
6325
6318
6423
6426
6424
6522
6521
6523
6122
6323
6218
7
19
6
20
5
4
22
3
1
1821
6508
1921
1706
2121
2022
1606
4017
2106
2006
2107
1906
1806
1907
1807
3808
4224
4225
4218
4118
4217
4117
4221
4120
4020
4025
4024
4022
3908
3908
4004
4006
4007
4008
4317
5107
5108
5208
5112
4206
4207
4105
4107
4208
4108
4205
4204
4104
4111
3801
3802
3800
3803
3804
3805
3904
3907
3807
6304
6308
6308
6511
6411
6311
12144
6612
6005
5906
6006
6004
5904
6008
5908
5909
6011
5204
5104
6413
6313
6513
5206
6811
6803
6713
6703
5912
6604
6505
6504
6506
6607
6608
8505
8608
9145
9157
6700
11935
12306
11937
11939
12039
12139
12240
9245
8503
8807
7430
7329
8531
7130
6927
6929
6924
6923
6805
6706
6711
7029
7021
7028
7020
7025
7026
6820
6830
6829
7023
7024
6827
6723
6724
6918
6917
6817
6725
6726
6824
6825
6722
6822
6826
6721
7027
6720
6921
7022
7029
7018
7017
6717
6718
6909
7009
6809
6709
7010
6911
7012
6913
6810
6813
6806
6818
8603
8231
7828
7728
8130
8230
7428
7328
7230
7829
7429
7628
7528
7529
7629
7330
7731
7608
7331
6304
7530
7630
7228
6926
6920
7128
6925
7459
7356
7358
7350
7349
7460
7449
7440
7340
7341
7736
8662
7442
7359
8562
8556
8653
8705
8552
8551
8550
3400
12239
12143
12244
12245
12145
12342
12345
12344
12341
7451
7452
7454
8756
7351
7353
8856
7456
7450
7357
7458
11239
11139
11140
11241
11141
11242
11143
11244
7236
7306
11051
10950
10951
11052
10837
10953
11054
7306
10542
11134
5205
2111
6705
5211
6910
5717
1704
1604
1603
1702
1601
1724
1626
2828
1600
1700
5117
4517
7740
11144
31
11331
11331
11331
8135
8135
8135
11337
11337
2021
7151
5106
42
41
1721
1721
2307
2306
2304
2204
2205
2206
10759
10857
10757
10858
5907
11249
11249
9236
53
54
46
47
48
50
50
8561
18
2600
2608
